1000
25043
44291
4886
28384
46600
47716
18121
32121
6788
33272
18640
37216
37588
1112
42949
38958
29813
15645
3228
43439
20364
36640
26599
38545
6673
45571
12365
45271
7834
26434
41455
1035
5359
1630
18144
27526
42590
27590
13710
577
31617
49528
48206
27225
39681
29586
21527
9745
1432
505
30890
35700
1525
26313
3552
24200
45007
32060
35031
21260
43098
21714
27592
27563
48296
33889
14450
39381
18121
46377
37191
37897
22409
39360
28464
482
41705
38974
18168
41647
17144
5010
37436
6206
48021
1938
3912
47072
27627
49795
42687
31729
25043
18928
15324
19441
49384
25239
45075
22230
44383
33330
7476
44503
18414
26807
47217
41561
11032
24961
49279
27807
31520
39559
3754
35338
24880
15748
35930
1826
4215
2510
45668
27580
17266
28951
41511
28910
2179
8309
38964
24639
2851
1258
9110
11223
25967
16696
39035
32477
10092
6309
35576
30205
35923
15815
33774
6808
2394
15840
49197
23082
42617
33891
46616
33868
42647
30154
14072
26951
25034
18669
26109
7983
2058
10835
40608
29863
24000
32641
15677
1088
21882
33819
21524
21576
45030
47751
4340
46657
31028
5516
39053
46645
27378
21859
24959
33171
24569
11255
7649
43852
42065
34606
15499
15685
33583
45015
34939
36416
11909
19436
43271
8199
5105
16786
15320
26521
12931
40335
49805
13519
2664
42926
23357
32078
27608
11853
47338
37921
20186
7637
1893
49538
10418
25639
28902
5148
10445
36028
8656
27256
17278
48574
42875
26520
24851
38241
41447
9339
31041
23712
11910
42429
13457
37607
8065
14295
19932
6767
37294
10198
27356
33977
21310
6500
36088
35751
39887
27366
19465
25511
26734
47404
805
40924
26180
22881
17124
42009
10872
3690
35391
8734
689
13533
6904
21302
3173
21468
43368
46529
26958
32989
2722
6236
11602
11515
14149
23261
41004
11532
22659
16034
11489
47288
35832
48237
23003
41355
18299
36927
12149
6805
9307
43126
34687
8588
22253
48387
43512
44525
39173
21673
5020
13892
4751
9571
8975
40608
7568
44428
18104
42167
25376
10044
16658
9513
44466
49813
47127
34900
34698
7715
4592
28684
17908
14394
11396
38600
17599
49693
22509
34477
36621
20030
44468
36876
42205
14920
17350
42577
43460
4967
22150
22473
14908
3412
13841
31533
37211
8503
43776
38867
30693
36453
18157
36772
2892
46248
33188
938
10863
9724
33353
19170
15942
12598
49834
26069
42705
49325
20264
24996
13228
27082
29490
44025
24596
10862
9936
37951
2145
4480
35589
43401
282
49942
33513
47510
5180
29485
8551
42467
19293
18473
43120
24029
14156
2277
20260
44950
11765
30936
29662
2125
1297
26601
29177
373
48567
27461
3485
41454
19052
26495
39672
9746
46808
25809
9705
15914
49034
35200
22704
45438
31383
10055
43820
29427
2500
5682
11553
1255
17087
26373
40418
3840
13277
30659
10714
17633
16562
12754
24810
5320
7102
12161
8882
12891
32343
29472
24995
49983
45775
29111
34177
39654
37038
33872
20005
32023
30522
15989
28167
29371
43536
40982
39486
37028
44453
2953
16373
43557
30417
38007
19380
2878
15296
29192
36982
44419
37895
27831
34981
2575
24904
11511
35805
7339
10611
44010
33513
44475
11109
18788
10508
26500
45821
12982
25702
47903
38602
29560
42243
44538
21684
7988
23227
10664
48161
33820
43428
975
21948
47965
49379
31218
31773
1247
18777
46645
1041
16404
8881
42512
30177
15953
40995
43159
42814
27536
47629
28751
1017
4906
12912
25983
5831
19044
32429
23204
3489
7869
10693
2467
34934
25481
31871
37418
129
4507
35369
24016
15880
37430
5776
19734
29157
14402
25570
44752
36636
19656
9139
7360
25319
31626
6767
8749
22040
29517
19285
32780
40992
6137
1039
10378
30304
18864
7706
30886
31985
32584
44498
23937
4905
11460
23572
48044
41094
37017
17829
5684
16900
32497
26260
16680
33564
7680
28738
33445
14181
20073
7512
14302
43623
38607
28706
49896
42633
24936
13810
16614
39273
43515
24988
22362
312
21070
31256
19745
46240
15749
20813
46380
33469
24475
2649
27207
9445
21486
24169
49806
26693
27035
14094
12050
14634
48139
40436
24410
10318
16234
11347
49069
22242
41181
2538
48472
30027
17238
9061
48777
34683
37750
36343
40139
22368
42433
21724
40483
14851
2376
4066
48293
19691
9543
45788
35062
23617
3056
17816
19773
24887
17265
33429
23129
39982
43367
6025
34496
23274
17913
32318
2703
4896
4323
11778
34611
37894
47261
28084
12296
4230
27157
45120
3675
39272
34469
29052
25150
48553
7960
5874
47812
35040
17178
23637
27118
33461
20132
22693
13363
18827
49377
11128
18835
27018
15963
17497
37573
7292
37027
22365
40798
34881
9298
27709
47654
42464
14675
1525
17183
3664
22510
12791
36560
34334
41819
18384
18345
41021
8604
8248
4201
46496
7256
39203
981
25153
36850
27174
16524
311
24211
5017
38978
8364
36895
44306
43406
11240
16006
17392
44413
20851
15663
4122
16726
48554
24421
22928
14564
11565
26212
22928
14003
38221
21179
3141
1108
25746
8904
8340
23605
37038
49380
38296
31763
8822
11330
48651
38140
32522
49665
45210
22025
37001
5844
20641
8782
46861
39240
49436
30753
26424
38847
9758
39386
45985
11484
31819
24308
44002
30
48849
31735
43245
47730
6379
44913
30267
10123
42146
15795
10597
21765
13154
35637
47942
34418
44108
48786
41936
20234
33288
30074
6971
48552
21424
37183
34621
38806
43376
9423
2582
3420
38168
33219
16674
996
40273
4080
32400
14608
23236
14119
48557
46003
47347
19737
22409
48559
24966
7361
19437
1030
37880
3610
35584
6887
13176
30441
33296
845
871
45486
8968
12492
37333
39736
10781
17885
49316
34090
6259
8738
518
35858
32960
34405
15136
5405
13482
48598
2307
48054
294
27521
12317
22776
31308
24334
9694
3611
102
29667
15807
49683
20474
12299
40621
41106
32332
34007
9763
47578
2865
26495
3173
48936
36888
39892
12828
47295
46609
29383
7033
9773
7880
19592
48401
364
2486
24138
14898
48820
39980
5343
48430
31839
19169
14555
32596
33529
41406
31535
49646
19334
11940
29216
28912
20246
18721
33006
34765
30331
4725
25155
40624
20374
12211
22031
20776
8483
23549
47516
13643
19833
40219
11652
14513
38344
11759
34338
13876
5876
14582
24040
18448
37302
27486
49368
349
44797
28815
38966
26836
24232
