100
858402185
949225656
726386786
247026133
896796669
647366389
73222863
384940029
657974130
4956266
162503145
976040205
166001195
795474633
527380014
913643245
513878572
381352816
438930999
285013528
17061213
524447711
740576085
2862026
763939109
434180590
278772357
612546395
455022623
682710728
56684312
433765267
46749675
459865679
425285614
285001204
329759931
10053419
602038838
393612442
244603813
385511118
597270987
721815342
556918111
718690264
494475417
264745586
593242494
875217482
123788996
832298182
364182418
97260695
839307149
454822054
452572282
701679095
147269667
140242356
672056557
996882294
656344913
976726393
287716047
483640789
347975936
784348214
940839336
68246152
384224935
909913968
109411018
209300404
664899067
378694944
953961758
953506569
187231084
21749183
336026984
677295898
831658481
877525554
771134059
46731536
137002593
126752916
998665641
635380170
74332963
636272056
996950568
980624927
684953431
474738121
139321204
709878040
878994462
51017111
